1000 500
0.0 0.67 -1.3
-0.0 0.67 -1.3
0.0 0.67 -1.3
-0.0 0.67 -1.3
1000 500
0.0 1.2 -2.2
-0.0 1.2 -2.2
0.0 1.2 -2.2
-0.0 1.2 -2.2
10 100
0.0 0.5 -1.0
-0.0 0.5 -1.0
0.0 1.9 -2.2
-0.0 1.9 -2.2
100 1000
0.0 0.5 -1.0
-0.0 0.5 -1.0
0.0 2.0 -2.0
-0.0 2.0 -2.0
200 0
0.45 0.7 -1.5
-0.45 0.7 -1.5
0.0 2.0 -2.0
-0.0 2.0 -2.0
200 0
0.0 0.7 -1.5
-0.0 0.7 -1.5
0.0 2.0 -2.0
-0.0 2.0 -2.0
200 0
0.45 0.7 -1.5
-0.45 0.7 -1.5
0.0 2.0 -2.0
-0.0 2.0 -2.0
200 0
0.0 0.7 -1.5
-0.0 0.7 -1.5
0.0 2.0 -2.0
-0.0 2.0 -2.0
200 0
0.45 0.7 -1.5
-0.45 0.7 -1.5
0.0 2.0 -2.0
-0.0 2.0 -2.0
200 0
0.0 0.5 -1.0
-0.0 0.5 -1.0
0.0 2.0 -2.0
-0.0 2.0 -2.0
400 100
0.0 0.5 -1.0
-0.0 0.5 -1.0
0.0 1.2 -2.0
-0.0 1.2 -2.0
1000 100
0.0 0.67 -1.3
-0.0 0.67 -1.3
0.0 0.67 -1.3
-0.0 0.67 -1.3
500 0
0.0 1.4 -2.5
-0.0 1.4 -2.5
0.0 1.4 -2.5
-0.0 1.4 -2.5